# -*- coding: utf-8 -*-
"""
Created on Sat Feb 16 19:18:16 2019

@author: Sebastien
"""

inputt =    [[225,"Grand Hôtel d'Aboukir", "134 rue d'Aboukir","75002", 35, 7], 
            [7180332, "Chaussée d'Antin", "46 rue de la Chaussée d'Antin", "75009", 34, 3],
            [3029096, "Métropolitain", "158 rue Oberkampf", "75011", 60, 5],
            [69, "Cristal","64 rue de la Jonquière","75017", 98, 10],
            [160, "des Beaux-Arts","4 rue André Antoine","75018", 76, 2],
            [14664544, "Moderne - Paris 20ème","57 rue de la Réunion","75020", 41,10],
            [7923060, "Sofiane","66 boulevard de Charonne","75020",47,2],
            [7877630, "Hipotel Paris Buttes Chaumont","7 rue Jean Baptiste Dumay","75020", 73,5],
            [130, "de Normandie", "4 rue d'Amsterdam","75009", 200,3],
            [5928342, "Maison Blanche","107 Bis Avenue d'Italie","75013", 49, 9],
            [75, "des Pyrénées - 20","399 bis rue des Pyrénées","75020", 79,6],
            [22831574, "Hôtel Parmentier","23 rue saint-ambroise","75011", 88,4],
            [184, "des Fontaines","2 rue des Fontaines du Temple","75003", 41, 8]]

team_members = [['person A','person B'],['person C','person D','person E']]

teams = [2,3]
voiture = [True,False]

M = [[0.0,
  5.46,
  8.44,
  13.34,
  6.94,
  14.72,
  14.37,
  10.11,
  7.33,
  19.52,
  9.6,
  7.59,
  2.76],
 [5.47,
  0.0,
  13.82,
  9.05,
  3.96,
  20.2,
  19.82,
  14.99,
  1.86,
  22.51,
  14.52,
  13.06,
  8.2],
 [8.45,
  13.82,
  0.0,
  20.23,
  14.01,
  7.02,
  7.24,
  3.47,
  15.62,
  19.55,
  3.08,
  2.28,
  6.07],
 [13.34,
  9.05,
  20.23,
  0.0,
  6.44,
  27.2,
  27.16,
  19.99,
  7.72,
  31.56,
  19.65,
  20.29,
  15.98],
 [6.94,
  3.96,
  14.01,
  6.44,
  0.0,
  20.89,
  20.78,
  14.24,
  4.04,
  25.83,
  13.84,
  13.9,
  9.54],
 [14.72,
  20.2,
  7.02,
  27.2,
  20.89,
  0.0,
  1.45,
  8.70,
  22.06,
  17.97,
  8.71,
  7.13,
  12.0],
 [14.37,
  19.82,
  7.24,
  27.16,
  20.78,
  1.45,
  0.0,
  9.42,
  21.68,
  16.52,
  9.35,
  6.88,
  11.61],
 [10.11,
  14.99,
  3.47,
  19.99,
  14.24,
  8.70,
  9.42,
  0.0,
  16.64,
  23.0,
  0.52,
  5.73,
  8.37],
 [7.33,
  1.86,
  15.62,
  7.72,
  4.04,
  22.06,
  21.68,
  16.64,
  0.0,
  23.92,
  16.18,
  14.92,
  10.07],
 [19.52,
  22.51,
  19.55,
  31.56,
  25.83,
  17.97,
  16.52,
  23.0,
  23.92,
  0.0,
  22.63,
  17.37,
  17.95],
 [9.6,
  14.52,
  3.08,
  19.65,
  13.84,
  8.71,
  9.35,
  0.52,
  16.18,
  22.63,
  0.0,
  5.31,
  7.85],
 [7.59,
  13.06,
  2.28,
  20.29,
  13.9,
  7.13,
  6.88,
  5.73,
  14.92,
  17.37,
  5.31,
  0.0,
  4.89],
 [2.76,
  8.2,
  6.07,
  15.98,
  9.54,
  12.0,
  11.61,
  8.37,
  10.07,
  17.95,
  7.85,
  4.89,
  0.0]]

